126
126
126
126
126
126
126
126
126
126
126
126
126
126
126
126
126
126
126
126
126
126
126
126
126
126
126
126
126
126
126
126
126
126
126
126
126
126
126
126
126
126
126
126
126
126
126
126
126
126
126
126
126
126
126
126
126
126
126
126
126
126
126
126
126
126
126
126
126
126
126
126
126
126
126
126
126
126
126
126
126
126
126
126
126
126
126
126
126
126
126
126
126
126
126
126
126
126
126
126
126
126
126
126
126
126
126
126
126
126
126
126
126
126
126
126
126
126
126
126
126
126
126
126
126
126
126
126
126
126
126
126
126
126
126
126
126
126
126
126
126
126
126
126
126
126
126
126
126
126
126
126
126
126
126
126
126
126
126
126
126
126
126
126
126
126
126
126
126
126
126
126
126
126
126
126
126
126
126
126
126
126
126
126
126
126
126
126
126
126
126
126
126
126
126
126
126
126
126
126
126
126
126
126
126
126
126
126
126
126
126
126
126
126
126
126
126
126
126
126
126
126
126
126
126
126
126
126
126
126
126
126
126
126
126
126
126
126
126
126
126
126
126
126
126
126
126
126
126
126
126
126
126
126
126
126
126
126
126
126
126
126
126
126
126
126
126
126
126
126
126
126
126
126
126
126
126
126
126
126
126
126
126
126
126
126
126
126
126
126
126
126
126
126
126
126
126
126
126
126
126
126
126
126
126
126
126
126
126
126
126
126
126
126
126
126
126
126
126
126
126
126
126
126
126
126
126
126
126
126
126
126
126
126
126
126
126
126
126
126
126
126
126
126
126
126
126
126
126
126
126
126
126
126
126
126
126
126
126
126
126
126
126
126
126
126
126
126
127
125
115
115
127
152
177
197
216
231
244
252
255
251
241
225
204
181
156
130
104
80
59
41
24
11
2
0
3
13
29
47
69
92
117
143
167
189
208
224
238
248
252
250
241
226
207
185
160
134
108
83
62
43
27
14
5
1
5
15
30
49
70
94
119
145
169
190
209
225
238
247
250
248
238
222
202
180
155
129
103
80
59
41
25
12
5
3
9
20
37
57
79
103
128
153
176
196
214
229
241
247
248
242
229
212
190
166
141
115
90
69
50
33
19
10
6
8
17
32
51
72
95
121
146
170
191
209
224
237
245
247
242
231
214
193
169
144
118
93
71
52
35
21
11
7
9
19
34
53
74
97
122
148
171
191
209
224
236
243
245
239
227
209
188
164
139
113
89
67
49
32
19
11
9
13
25
41
61
83
107
132
157
179
198
214
228
238
243
241
232
217
197
174
150
124
99
77
57
40
26
15
11
13
22
37
56
77
100
125
150
172
192
209
224
235
241
240
232
218
199
177
152
127
102
79
59
42
27
17
12
14
23
38
56
78
101
127
152
174
194
211
225
235
240
238
229
214
194
171
146
121
96
74
55
38
25
17
14
18
29
45
64
86
110
136
160
181
200
216
229
237
239
234
222
205
184
160
134
109
86
65
48
32
21
16
17
25
39
58
78
101
126
151
173
192
209
223
233
237
234
224
208
187
164
140
114
91
70
52
36
24
18
18
25
39
58
78
101
126
150
172
191
208
222
231
234
231
220
204
183
160
136
111
88
69
52
37
26
21
22
31
45
64
84
107
131
155
176
194
209
222
230
232
226
214
197
175
152
127
103
81
62
46
33
24
21
26
38
55
74
96
120
145
167
186
203
217
227
231
228
218
202
182
160
135
110
88
68
51
37
27
23
26
36
51
70
91
115
140
163
183
200
215
226
230
228
218
203
183
160
135
110
87
67
50
36
26
23
27
38
54
74
95
119
144
166
186
202
216
226
229
226
215
198
177
154
129
105
83
64
48
34
25
24
29
42
59
80
102
127
151
173
192
208
220
228
229
222
208
189
167
142
117
94
73
56
41
30
25
27
37
53
72
94
118
143
165
184
201
214
223
226
222
210
193
172
149
124
100
79
61
46
34
28
29
37
52
70
91
115
139
162
182
198
212
221
225
221
209
192
171
147
122
98
78
60
46
35
29
31
41
57
76
97
120
144
166
185
200
213
220
222
216
203
185
163
140
116
94
74
58
44
35
32
36
47
64
83
105
128
151
172
189
204
215
220
219
210
195
175
152
128
105
84
66
51
39
33
33
42
56
75
96
119
143
165
183
199
212
220
220
214
200
182
160
135
111
89
70
54
41
34
33
40
54
72
92
115
139
161
181
197
210
218
220
213
200
182
160
136
112
90
70
54
41
34
34
41
55
74
95
118
142
164
183
199
212
219
219
212
197
178
155
131
107
86
67
51
39
34
35
44
60
79
101
125
149
170
188
203
214
219
217
206
189
168
145
121
98
78
61
46
37
35
41
54
71
92
114
138
160
179
195
208
215
216
209
195
175
153
129
105
84
66
51
41
36
40
51
68
87
109
133
156
176
192
205
213
215
209
196
177
156
132
108
87
69
54
44
39
42
52
67
87
108
132
155
174
190
204
212
213
207
194
176
153
129
106
85
68
54
44
40
44
55
72
91
113
137
158
177
192
204
211
211
203
188
169
146
123
100
80
64
51
43
42
48
62
80
101
124
147
167
184
198
208
211
207
195
177
156
133
110
89
72
57
47
43
46
57
74
93
115
138
160
177
192
203
209
208
198
183
162
140
116
95
77
61
50
44
45
55
71
89
110
134
156
174
189
201
208
208
199
184
165
142
119
97
79
63
51
45
46
55
71
89
111
134
156
174
189
201
208
207
198
182
162
139
116
95
77
62
50
45
48
58
75
94
116
138
159
177
191
202
207
204
192
176
155
132
109
89
73
59
49
47
52
65
83
103
125
147
167
183
196
204
206
199
184
165
143
120
98
80
65
53
47
49
59
75
94
116
139
159
176
191
201
205
201
189
172
151
128
106
87
71
58
50
49
57
71
89
110
133
154
172
187
198
204
202
192
175
154
132
109
89
73
60
51
49
56
70
88
109
131
153
171
186
197
203
201
191
174
154
131
109
89
73
59
51
50
58
73
91
112
134
156
173
187
198
203
199
187
170
149
126
104
85
70
57
51
52
62
78
97
118
141
161
177
191
199
201
195
181
162
141
118
97
79
65
55
52
57
69
86
106
128
150
169
183
195
200
198
188
171
151
128
106
87
71
59
53
55
64
80
99
120
143
162
178
191
198
199
191
176
157
134
112
92
76
63
55
54
62
77
95
116
138
158
175
188
197
199
192
177
159
137
114
94
78
65
56
55
62
77
95
115
138
158
174
188
196
198
191
176
157
135
113
94
78
64
57
56
64
79
97
118
140
159
175
188
196
196
188
172
153
131
110
91
75
63
57
59
69
84
103
125
146
164
179
190
196
193
182
165
145
123
102
85
71
61
58
63
75
93
112
134
155
171
185
193
195
188
174
155
133
112
93
77
65
59
60
70
85
104
125
147
165
179
190
194
191
179
161
141
119
99
82
69
60
60
67
81
99
120
142
160
176
187
193
191
181
164
144
122
102
85
71
62
60
67
80
98
118
139
158
174
186
192
191
181
165
145
123
103
86
72
63
61
67
81
99
119
140
158
174
186
192
190
179
162
142
120
101
84
71
63
62
70
85
103
124
144
162
176
187
191
187
175
157
136
115
96
80
69
62
64
74
91
109
131
151
167
180
189
190
183
168
149
128
107
90
76
66
63
69
82
99
119
140
158
173
184
189
187
175
158
138
116
97
82
70
64
66
76
92
111
132
151
167
179
187
187
179
164
144
123
104
88
75
66
65
73
88
106
126
146
163
176
186
188
181
167
149
128
107
91
77
68
66
73
86
103
123
144
161
174
184
187
181
167
149
129
109
92
78
69
67
73
86
103
123
143
160
174
183
186
180
166
148
127
108
91
77
68
67
75
89
107
127
146
162
176
184
185
177
163
144
123
104
88
75
68
69
78
93
111
132
151
166
178
185
183
173
157
137
117
98
83
73
68
72
84
101
120
140
157
171
181
184
179
165
147
127
107
91
78
70
70
78
93
110
131
150
165
177
184
182
172
155
136
115
98
83
73
69
74
87
104
123
143
160
173
181
183
175
160
141
121
102
87
76
70
73
84
100
119
139
156
170
179
182
177
164
146
125
106
91
79
72
73
82
97
115
135
153
167
177
181
176
164
147
127
108
92
80
73
74
84
98
116
136
153
167
177
181
176
163
145
126
107
91
79
72
74
84
99
117
137
154
168
178
181
174
161
143
123
105
90
79
73
77
88
104
122
141
157
169
177
178
169
154
136
117
100
87
77
75
81
94
111
130
148
162
173
178
175
164
147
128
109
94
82
75
76
86
101
119
138
155
167
176
177
170
156
138
118
101
88
78
76
81
94
111
130
148
162
172
177
174
162
145
126
108
93
82
76
79
90
105
123
142
157
169
176
175
165
149
131
112
96
84
77
78
87
102
119
138
154
167
175
176
168
153
135
115
99
87
78
77
85
99
117
136
152
165
174
175
168
154
136
117
100
88
79
78
86
100
117
136
152
165
173
175
167
153
135
116
100
87
79
79
87
101
119
137
153
165
173
174
165
