126 126
126 126
126 126
126 126
126 126
126 126
126 126
126 126
126 126
126 126
126 126
126 126
126 126
126 126
126 126
126 126
126 126
126 126
126 126
126 126
126 126
126 126
126 126
126 126
126 126
126 126
126 126
126 126
126 126
126 126
126 126
126 126
126 126
126 126
126 126
126 126
126 126
126 126
126 126
126 126
126 126
126 126
126 126
126 126
126 126
126 126
126 126
126 126
126 126
126 126
126 126
126 126
126 126
126 126
126 126
126 126
126 126
126 126
126 126
126 126
126 126
126 126
126 126
126 126
126 126
126 126
126 126
126 126
126 126
126 126
126 126
126 126
126 126
126 126
126 126
126 126
126 126
126 126
126 126
126 126
126 126
126 126
126 126
126 126
126 126
126 126
126 126
126 126
126 126
126 126
126 126
126 126
126 126
126 126
126 126
126 126
126 126
126 126
126 126
126 126
126 126
126 126
126 126
126 126
126 126
126 126
126 126
126 126
126 126
126 126
126 126
126 126
126 126
126 126
126 126
126 126
126 126
126 126
126 126
126 126
126 126
126 126
126 126
126 126
126 126
126 126
126 126
126 126
126 126
126 126
126 126
126 126
126 126
126 126
126 126
126 126
126 126
126 126
126 126
126 126
126 126
126 126
126 126
126 126
126 126
126 126
126 126
126 126
126 126
126 126
126 126
126 126
126 126
126 126
126 126
126 126
126 126
126 126
126 126
126 126
126 126
126 126
126 126
126 126
126 126
126 126
126 126
126 126
126 126
126 126
126 126
126 126
126 126
126 126
126 126
126 126
126 126
126 126
126 126
126 126
126 126
126 126
126 126
126 126
126 126
126 126
126 126
126 126
126 126
126 126
126 126
126 126
126 126
126 126
126 126
126 126
126 126
126 126
126 126
126 126
126 126
126 126
126 126
126 126
126 126
126 126
126 126
126 126
126 126
126 126
126 126
126 126
126 126
126 126
126 126
126 126
126 126
126 126
126 126
126 126
126 126
126 126
126 126
126 126
126 126
126 126
126 126
126 126
126 126
126 126
126 126
126 126
126 126
126 126
126 126
126 126
126 126
126 126
126 126
126 126
126 126
126 126
126 126
126 126
126 126
126 126
126 126
126 126
126 126
126 126
126 126
126 126
126 126
126 126
126 126
126 126
126 126
126 126
126 126
126 126
126 126
126 126
126 126
126 126
126 126
126 126
126 126
126 126
126 126
126 126
126 126
126 126
126 126
126 126
126 126
126 126
126 126
126 126
126 126
126 126
126 126
126 126
126 126
126 126
126 126
126 126
126 126
126 126
126 126
126 126
126 126
126 126
126 126
126 126
126 126
126 126
126 126
126 126
126 126
126 126
126 126
126 126
126 126
126 126
126 126
126 126
126 126
126 126
126 126
126 126
126 126
126 126
126 126
126 126
126 126
126 126
126 126
126 126
126 126
126 126
126 126
126 126
126 126
126 126
126 126
126 126
126 126
126 126
126 126
126 126
126 126
126 126
126 126
126 126
126 126
126 126
126 126
126 126
126 126
126 126
126 126
126 126
126 126
126 126
126 126
126 126
126 126
126 126
126 126
126 126
126 126
126 126
126 126
126 126
126 126
126 126
126 126
126 126
126 126
126 126
126 126
126 126
126 126
126 126
126 126
126 126
126 126
126 126
127 127
125 125
115 115
115 115
127 127
152 152
177 177
197 197
216 216
231 231
244 244
252 252
255 255
251 251
241 241
225 225
204 204
181 181
156 156
130 130
104 104
80 80
59 59
41 41
24 24
11 11
2 2
0 0
3 3
13 13
29 29
47 48
69 69
92 92
117 117
143 143
167 167
189 189
208 208
224 224
238 238
248 248
252 252
250 250
241 241
226 226
207 207
185 185
160 160
134 134
108 108
83 83
62 62
43 44
27 27
14 14
5 5
1 1
5 5
15 15
30 30
49 49
70 70
94 94
119 119
145 145
169 169
190 190
209 209
225 225
238 238
247 247
250 250
248 248
238 238
222 222
202 202
180 180
155 155
129 129
103 103
80 80
59 59
41 41
25 25
12 12
5 5
3 3
9 9
20 20
37 37
57 57
79 79
103 103
128 128
153 153
176 176
196 196
214 214
229 229
241 241
247 247
248 248
242 242
229 229
212 212
190 190
166 166
141 141
115 115
90 90
69 69
50 50
33 33
19 19
10 10
6 6
8 8
17 17
32 32
51 51
72 72
95 95
121 121
146 146
170 170
191 191
209 209
224 224
237 237
245 245
247 247
242 242
231 231
214 214
193 193
169 169
144 144
118 118
93 93
71 71
52 52
35 35
21 21
11 11
7 7
9 9
19 19
34 34
53 53
74 74
97 97
122 122
148 148
171 171
191 191
209 209
224 224
236 236
243 243
245 245
239 239
227 227
209 209
188 188
164 164
139 139
113 113
89 89
67 67
49 49
32 32
19 19
11 11
9 9
13 13
25 25
41 41
61 61
83 83
107 107
132 132
157 157
179 179
198 198
214 214
228 228
238 238
243 243
241 241
232 232
217 217
197 197
174 174
149 150
124 124
99 99
77 77
57 57
40 40
26 26
15 15
11 11
13 13
22 22
37 37
56 56
77 77
100 100
125 125
150 150
172 172
192 192
209 209
224 224
235 235
241 241
240 240
232 232
218 218
199 199
177 177
152 152
127 127
102 102
79 79
59 59
42 42
27 27
17 17
12 12
14 14
23 23
38 38
56 56
78 78
101 101
127 127
152 152
174 174
194 194
211 211
225 225
235 235
240 240
238 238
229 229
214 214
194 194
171 171
146 146
121 121
96 96
74 74
55 55
38 39
25 25
17 17
14 14
18 18
29 29
45 45
64 64
86 86
110 110
136 136
160 160
181 181
200 200
216 216
229 229
237 237
239 239
234 234
222 222
205 205
184 184
160 160
134 134
109 109
86 86
65 65
47 48
32 32
21 21
16 16
17 17
25 25
39 39
58 58
78 78
101 101
126 126
151 151
173 173
192 192
209 209
223 223
233 233
237 237
234 234
224 224
207 207
187 187
164 164
140 140
114 114
91 91
70 70
52 52
36 36
24 24
18 18
18 18
25 25
39 39
58 57
78 78
101 101
126 126
150 150
172 172
191 191
208 208
222 222
231 231
234 234
231 231
220 220
204 204
183 183
160 160
136 136
111 111
88 88
69 69
52 52
37 37
26 26
21 21
22 22
31 31
45 45
64 64
84 84
107 107
131 131
155 155
176 176
194 194
209 209
222 222
230 230
232 232
226 226
214 214
197 197
175 175
152 152
127 127
103 103
81 81
62 62
46 46
33 33
24 24
21 21
26 26
38 38
55 55
74 74
96 96
120 120
145 145
167 167
186 186
203 203
217 217
227 227
231 231
228 228
218 218
202 202
182 182
159 160
135 135
110 110
88 88
68 68
51 51
37 37
27 27
23 23
26 26
36 36
51 51
70 70
91 91
115 115
140 140
163 163
183 183
200 200
215 215
226 226
230 230
228 228
218 218
203 203
183 183
160 160
135 135
110 110
87 87
67 67
50 50
36 36
26 26
23 23
27 27
38 38
54 54
74 74
95 95
119 119
144 144
166 166
186 186
202 202
216 216
226 226
229 229
226 226
215 215
198 198
177 177
154 154
129 129
105 105
83 83
64 64
48 48
34 34
25 25
24 24
29 29
42 42
59 59
80 80
102 102
127 127
151 151
173 173
192 192
208 208
220 220
228 228
229 229
222 222
208 208
189 189
167 167
142 142
117 117
94 94
73 73
56 56
41 41
30 30
25 25
27 27
37 37
53 53
72 72
94 94
118 118
143 143
165 165
184 184
201 201
214 214
223 223
226 226
222 222
210 210
193 193
172 172
149 149
124 124
100 100
79 79
61 61
46 46
34 34
28 28
29 29
37 37
52 52
70 70
91 91
115 115
139 139
162 162
182 182
198 198
212 212
221 221
225 225
221 221
209 209
192 192
171 171
147 147
122 122
98 98
78 78
60 60
46 46
35 35
29 29
31 31
41 41
57 57
76 76
97 97
120 120
144 144
166 166
185 185
200 200
213 213
220 220
222 222
216 216
203 203
185 185
163 163
140 140
116 116
94 94
74 74
58 58
44 44
35 35
32 32
36 36
47 47
64 64
83 83
105 105
128 128
151 151
172 172
189 189
204 204
215 215
220 220
219 219
210 210
195 195
175 175
152 153
128 128
105 105
84 84
66 66
51 51
39 39
33 33
33 33
42 42
56 56
75 75
96 96
119 119
143 143
165 165
183 183
199 199
212 212
220 220
220 220
214 214
200 200
182 182
159 160
135 135
111 111
89 89
70 70
54 54
41 41
34 34
33 33
40 40
54 54
72 72
92 92
115 115
139 139
161 161
181 181
197 197
210 210
218 218
220 220
213 213
200 200
182 182
160 160
136 136
111 112
90 90
70 70
54 54
41 41
34 34
34 34
41 41
55 55
74 74
95 95
118 118
142 142
164 164
183 183
199 199
212 212
219 219
219 219
212 212
197 197
178 178
155 155
131 131
107 107
86 86
67 67
51 51
39 39
33 34
35 35
44 44
60 60
79 79
101 101
125 125
149 149
170 170
188 188
203 203
214 214
219 219
217 217
206 206
189 189
168 168
145 145
121 121
97 98
78 78
61 61
46 46
37 37
35 35
41 41
54 54
71 71
92 92
114 114
138 138
160 160
179 179
195 195
208 208
215 216
216 216
209 209
195 195
175 175
153 153
128 129
105 105
84 84
66 66
51 51
41 41
36 36
40 40
51 51
68 68
87 87
109 109
133 133
156 156
176 176
192 192
205 205
213 213
215 215
209 209
196 196
177 177
155 156
132 132
108 108
87 87
69 69
54 54
44 44
39 39
42 42
52 52
67 67
87 87
108 108
132 132
155 155
174 174
190 190
204 204
212 212
213 213
207 207
194 194
175 176
153 153
129 129
106 106
85 85
68 68
54 54
44 44
40 40
44 44
55 55
72 72
91 91
113 113
137 137
158 158
177 177
192 192
204 204
211 211
211 211
203 203
188 188
169 169
146 146
123 123
100 100
80 80
64 64
51 51
43 43
42 42
48 48
62 62
80 80
101 101
124 124
147 147
167 167
184 184
198 198
208 208
211 211
207 207
195 195
177 177
156 156
133 133
110 110
89 89
72 72
57 57
47 47
43 43
46 46
57 57
74 74
93 93
115 115
138 138
160 160
177 177
192 192
203 203
209 209
208 208
198 198
182 183
162 162
140 140
116 116
95 95
77 77
61 61
50 50
44 44
45 45
55 55
71 71
89 89
110 110
134 134
156 156
174 174
189 189
201 201
208 208
208 208
199 199
184 184
165 165
142 142
119 119
97 97
79 79
63 63
51 51
44 45
46 46
55 55
71 71
89 89
111 111
134 134
156 156
174 174
189 189
201 201
208 208
207 207
198 198
182 182
162 162
139 139
116 116
95 95
77 77
62 62
50 50
45 45
48 48
58 58
75 75
94 94
116 116
138 138
159 159
177 177
191 192
202 202
207 207
204 204
192 192
176 176
155 155
132 132
109 109
89 89
73 73
59 59
49 49
47 47
52 52
65 65
83 83
103 103
125 125
147 147
167 167
183 183
196 196
204 204
206 206
199 199
184 184
165 165
143 143
120 120
98 98
80 80
65 65
53 53
47 47
49 49
59 59
75 75
94 94
116 116
139 139
159 159
176 176
191 191
201 201
205 205
201 201
189 189
172 172
151 151
128 128
106 106
87 87
71 71
58 58
50 50
49 49
57 57
71 71
89 89
110 110
133 133
154 154
172 172
187 187
198 198
204 204
202 202
192 192
175 175
154 154
132 132
109 109
89 89
73 73
60 60
51 51
49 49
56 56
70 70
88 88
109 109
131 132
153 153
171 171
186 186
197 197
203 203
201 201
191 191
174 174
154 154
131 131
109 109
89 89
73 73
59 59
51 51
50 50
58 58
73 73
91 91
112 112
134 134
156 156
173 173
187 187
198 198
203 203
199 199
187 187
170 170
149 149
126 126
104 104
85 85
70 70
57 57
51 51
52 52
62 62
78 78
97 97
118 118
141 141
161 161
177 177
191 191
199 199
201 201
195 195
181 181
162 162
141 141
118 118
97 97
79 79
65 65
55 55
52 52
57 57
69 69
86 86
106 106
128 128
150 150
169 169
183 183
195 195
200 200
198 198
188 188
171 171
151 151
128 128
106 106
87 87
71 71
59 59
53 53
55 55
64 64
80 80
99 99
120 120
143 143
162 162
178 178
191 191
198 198
199 199
191 191
176 176
157 157
134 134
112 112
92 92
76 76
63 63
55 55
54 54
62 62
77 77
95 95
116 116
138 138
158 159
175 175
188 188
197 197
198 199
192 192
177 177
159 159
137 137
114 114
94 94
78 78
65 65
56 56
55 55
62 62
77 77
95 95
115 115
138 138
158 158
174 174
187 188
196 196
198 198
191 191
176 176
157 157
135 135
113 113
94 94
78 78
64 64
57 57
56 56
64 64
79 79
97 97
118 118
140 140
159 159
175 175
188 188
196 196
196 196
188 188
172 172
153 153
131 131
110 110
91 91
75 75
63 63
57 57
59 59
69 69
84 84
103 103
125 125
146 146
164 164
179 179
190 190
196 196
193 193
182 182
165 165
145 145
123 123
102 102
85 85
71 71
61 61
58 58
63 63
75 75
93 93
112 112
134 134
155 155
171 171
185 185
193 193
195 195
188 188
174 174
155 155
133 133
112 112
93 93
77 77
65 65
59 59
60 60
70 70
85 85
104 104
125 126
147 147
164 165
179 179
190 190
194 194
191 191
179 179
161 161
141 141
119 119
99 99
82 82
69 69
60 60
60 60
67 67
81 81
99 99
120 120
142 142
160 160
176 176
187 187
193 193
191 191
181 181
164 164
144 144
122 122
102 102
85 85
71 71
62 62
60 60
67 67
80 80
98 98
118 118
139 139
158 158
174 174
186 186
192 192
191 191
181 181
165 165
145 145
123 123
103 103
86 86
72 72
63 63
61 61
67 67
81 81
99 99
119 119
140 140
158 158
174 174
186 186
192 192
190 190
179 179
162 162
142 142
120 120
101 101
84 84
71 71
63 63
62 62
70 70
85 85
103 103
124 124
144 144
162 162
176 176
187 187
191 191
187 187
174 175
157 157
136 136
115 115
96 96
80 80
69 69
62 62
64 64
74 74
90 91
109 109
131 131
151 151
167 167
180 180
189 189
190 190
183 183
168 168
149 149
128 128
107 107
90 90
76 76
66 66
63 63
69 69
82 82
99 99
119 119
140 140
158 158
173 173
184 184
189 189
187 187
175 175
158 158
138 138
116 116
97 97
82 82
70 70
64 64
66 66
76 76
92 92
111 111
132 132
151 151
167 167
179 179
187 187
187 187
179 179
164 164
144 144
123 123
104 104
88 88
75 75
66 66
65 65
73 73
88 88
105 106
126 126
146 146
163 163
176 176
186 186
188 188
181 181
167 167
148 149
128 128
107 107
91 91
77 77
68 68
66 66
73 73
86 86
103 103
123 123
144 144
160 161
174 174
184 184
187 187
181 181
167 167
149 149
129 129
109 109
92 92
78 78
69 69
66 67
73 73
86 86
103 103
123 123
143 143
160 160
174 174
183 183
186 186
180 180
166 166
148 148
127 127
108 108
91 91
77 77
68 68
67 67
75 75
89 89
107 107
127 127
146 146
162 162
176 176
184 184
185 185
177 177
163 163
144 144
123 123
104 104
88 88
75 75
68 68
69 69
78 78
93 93
111 111
132 132
151 151
166 166
178 178
185 185
183 183
173 173
157 157
137 137
117 117
98 98
83 83
73 73
68 68
72 72
84 84
101 101
120 120
140 140
157 157
171 171
181 181
184 184
178 179
165 165
147 147
127 127
107 108
91 91
78 78
70 70
70 70
78 78
93 93
110 110
131 131
150 150
165 165
177 177
184 184
182 182
172 172
155 155
136 136
115 115
98 98
83 83
73 73
69 69
74 74
87 87
104 104
123 123
143 143
160 160
173 173
181 181
183 183
175 175
160 160
141 141
121 121
102 102
87 87
76 76
70 70
73 73
84 84
100 100
119 119
139 139
156 156
170 170
179 179
182 182
177 177
164 164
146 146
125 125
106 106
91 91
79 79
72 72
73 73
82 82
97 97
115 115
135 135
153 153
167 167
177 177
181 181
176 176
164 164
147 147
127 127
108 108
92 92
80 80
73 73
74 74
84 84
98 98
116 116
136 136
153 153
167 167
177 177
181 181
176 176
163 163
145 146
126 126
107 107
91 91
79 79
72 72
74 74
84 84
99 99
117 117
137 137
154 154
168 168
178 178
181 181
174 174
161 161
143 143
123 123
105 105
90 90
79 79
73 73
77 77
88 88
104 104
122 122
141 141
157 157
169 169
177 177
178 178
169 169
154 154
136 136
117 117
100 100
87 87
77 77
75 75
81 81
94 94
111 111
130 130
148 148
162 162
173 173
178 178
175 175
164 164
147 147
128 128
109 109
94 94
82 82
75 75
76 76
86 86
101 101
119 119
138 138
155 155
167 167
176 176
177 177
170 170
156 156
138 138
118 118
101 101
88 88
78 78
75 76
81 81
94 94
111 111
130 130
148 148
162 162
172 172
177 177
174 174
162 162
145 145
126 126
108 108
93 93
82 82
76 76
79 79
90 90
105 105
123 123
142 142
157 157
169 169
176 176
175 175
165 165
149 149
131 131
112 112
96 96
84 84
77 77
78 78
87 87
102 102
119 119
138 138
154 154
167 167
175 175
176 176
168 168
153 153
135 135
115 115
99 99
87 87
78 78
77 77
85 85
99 99
117 117
136 136
152 152
165 165
174 174
175 175
168 168
154 154
136 136
117 117
100 100
88 88
79 79
78 78
86 86
100 100
117 117
136 136
152 152
165 165
173 173
175 175
167 167
153 153
135 135
116 116
100 100
87 87
79 79
79 79
87 87
101 101
119 119
137 137
153 153
165 165
173 173
174 174
165 165
150 150
132 132
114 114
98 98
86 86
79 79
80 80
90 90
105 105
122 122
140 141
155 155
167 167
173 173
172 172
162 162
146 146
127 127
110 110
95 95
84 84
79 79
83 83
94 94
110 110
128 128
145 145
159 159
169 169
173 173
169 169
156 157
140 140
121 121
104 104
91 91
82 82
80 80
87 87
100 100
116 116
135 135
151 151
163 163
171 171
172 172
164 164
149 150
132 132
113 113
98 98
87 87
81 81
82 82
93 93
108 108
125 125
143 143
157 157
167 167
172 172
168 168
157 157
140 140
122 122
105 105
92 92
83 83
81 81
88 88
101 101
118 118
136 136
151 151
163 163
171 171
170 170
161 161
146 146
128 128
111 111
97 97
86 86
82 82
86 86
97 97
113 113
130 130
147 147
159 159
168 168
171 171
164 164
150 150
133 133
115 115
101 101
89 89
83 83
84 85
95 95
109 109
126 126
143 143
156 156
166 166
170 170
165 165
153 153
136 136
118 118
103 103
91 91
84 84
84 84
93 93
107 107
124 124
141 141
155 155
165 165
170 170
166 166
154 154
137 137
119 119
104 104
92 92
84 84
84 84
93 93
107 107
124 124
141 141
155 155
165 165
169 170
166 166
154 154
137 137
119 119
104 104
92 92
84 84
84 85
93 93
107 107
124 124
141 141
155 155
165 165
169 169
165 165
152 153
136 136
118 118
103 103
91 91
84 84
85 85
95 95
109 109
126 127
143 143
156 156
166 166
169 169
163 163
150 150
133 133
115 115
100 100
90 90
84 84
88 88
98 98
113 113
131 131
147 147
159 159
167 167
167 167
159 159
145 145
128 128
111 111
97 97
87 87
85 85
91 91
103 103
119 119
136 136
151 151
162 162
168 168
165 165
154 154
139 139
121 122
106 106
94 94
86 86
86 86
95 95
109 109
126 126
142 142
155 155
165 165
167 167
161 161
147 147
130 131
114 114
100 100
90 90
85 85
90 90
102 102
118 118
135 135
149 149
160 160
167 167
165 165
154 154
139 139
122 122
106 107
95 95
87 87
88 88
97 97
111 111
127 127
143 143
155 155
164 164
166 166
158 158
145 145
128 128
112 112
99 99
90 90
87 87
93 93
106 106
121 121
138 138
151 151
161 161
166 166
161 161
149 149
134 134
117 117
103 103
92 92
87 87
91 91
102 102
117 117
133 133
148 148
159 159
165 165
163 163
153 153
137 137
120 120
106 106
94 94
88 88
89 89
100 100
114 114
131 131
146 146
157 157
165 165
164 164
154 155
139 139
122 123
108 108
96 96
88 88
89 89
98 98
112 112
129 129
144 144
156 156
164 164
164 164
155 155
141 141
124 124
109 109
97 97
89 89
90 90
99 99
112 112
128 128
144 144
155 155
163 163
163 163
154 154
140 140
123 123
108 108
97 97
90 90
91 91
100 100
114 114
130 130
145 145
156 156
163 163
162 162
152 152
137 138
121 121
106 106
95 95
89 89
92 92
102 102
116 116
133 133
147 147
157 158
163 163
160 160
150 150
135 135
118 118
104 104
94 94
90 90
94 94
105 105
120 120
136 136
149 150
159 159
163 163
158 158
146 146
130 130
114 114
101 101
93 93
90 90
97 97
109 109
125 125
140 140
153 153
161 161
162 162
155 155
141 141
125 125
110 110
98 98
91 91
92 92
101 101
114 114
130 130
145 145
155 155
162 162
160 160
150 150
135 135
119 119
105 105
95 95
91 91
96 96
107 107
121 121
137 137
150 150
159 159
161 161
155 155
142 142
126 126
112 112
100 100
93 93
93 93
102 102
114 114
130 130
144 144
155 155
161 161
158 158
148 148
133 134
118 118
105 105
95 95
92 92
97 97
109 109
124 124
139 139
151 151
159 159
160 160
152 152
139 139
123 123
109 109
99 99
93 93
95 95
105 105
119 119
134 134
147 147
156 156
160 160
156 156
144 144
128 128
113 113
102 101
94 94
94 94
102 102
115 115
130 130
144 144
154 154
159 159
157 157
146 146
131 131
116 116
104 104
96 96
94 94
101 101
113 113
128 128
142 142
152 152
158 158
157 157
147 147
134 134
118 119
106 106
97 97
94 94
100 100
111 111
125 125
140 140
150 151
157 157
158 158
149 149
136 136
121 121
108 108
98 98
94 94
99 99
109 110
124 124
138 138
149 149
157 157
158 158
150 150
136 136
121 121
108 108
99 99
95 95
99 99
110 110
124 124
138 138
149 149
157 157
157 157
149 149
135 135
120 120
107 108
98 98
95 95
100 100
111 112
126 126
140 140
150 151
157 157
156 156
146 146
132 132
118 118
106 106
98 98
96 96
103 103
115 115
128 129
141 141
151 151
156 156
153 153
143 143
130 130
116 116
105 105
98 98
98 98
106 106
118 118
131 131
144 144
152 152
156 156
151 151
140 140
126 126
113 113
103 103
97 97
99 99
109 109
122 122
136 136
147 147
154 154
155 155
148 148
135 135
121 121
109 109
100 100
97 97
102 102
113 113
127 127
140 140
150 150
155 155
153 153
144 144
130 130
116 116
105 105
98 98
98 98
105 106
118 118
132 132
144 144
153 153
156 156
151 151
139 139
124 124
111 111
102 102
97 97
100 100
111 111
124 124
138 138
148 148
155 155
154 154
145 145
132 132
118 118
107 107
99 99
98 98
106 106
118 118
131 131
143 143
152 152
155 155
149 149
138 138
124 124
111 111
102 102
98 98
103 103
113 113
126 126
139 139
148 148
154 154
152 152
142 142
129 129
116 116
105 105
99 99
100 100
109 109
121 121
135 135
146 146
153 153
153 153
146 146
133 133
119 119
108 108
100 100
99 99
106 106
118 118
132 132
143 143
151 151
154 154
149 149
137 137
123 123
110 110
102 102
99 99
104 104
115 115
128 128
141 141
150 150
154 154
150 150
139 139
125 125
113 113
104 104
99 99
103 103
113 113
126 126
139 139
148 148
153 153
150 150
140 140
127 127
115 115
105 105
100 100
103 103
112 112
125 125
137 137
147 147
152 152
150 150
141 141
128 128
115 115
106 106
101 101
103 103
112 112
124 124
137 137
146 146
152 152
150 150
141 141
128 128
115 115
106 106
101 101
104 104
113 113
125 125
137 137
146 146
152 152
149 149
140 140
127 127
115 115
106 106
101 101
104 104
114 114
126 126
138 138
147 147
151 151
148 148
138 138
126 126
114 114
105 105
101 101
105 105
115 115
128 128
139 139
148 148
151 151
147 147
136 137
124 124
112 112
104 104
102 102
107 107
117 117
130 130
141 141
148 148
151 151
145 145
134 134
121 121
110 111
103 104
103 103
110 110
120 120
133 133
143 143
149 149
150 150
142 142
130 130
118 118
108 108
103 103
104 104
113 113
124 124
136 136
145 145
150 150
148 148
138 138
126 126
114 114
106 106
103 103
107 107
116 117
129 129
140 140
147 147
150 150
144 144
134 134
121 121
111 111
104 104
104 104
111 111
121 121
134 134
143 143
149 149
148 148
140 140
128 128
116 116
108 108
103 103
106 106
115 115
127 127
138 138
146 146
149 149
145 145
134 134
122 122
112 112
105 105
104 104
111 111
121 121
133 133
143 143
148 148
147 147
139 139
128 128
116 116
108 108
104 104
107 107
117 117
128 128
139 139
146 146
148 148
143 143
132 132
120 120
111 111
105 105
105 105
113 113
124 124
135 135
144 144
148 148
145 146
136 136
124 124
114 114
107 107
105 105
110 110
120 120
132 132
141 141
147 147
147 147
139 139
128 128
117 117
109 109
105 105
108 108
117 117
129 129
139 139
146 146
147 147
141 141
131 131
119 119
111 111
105 105
107 107
115 115
126 126
137 137
144 144
147 147
143 143
133 133
121 121
112 112
106 106
107 107
114 114
124 124
135 135
143 143
147 147
144 144
135 135
123 123
113 113
107 107
106 106
113 113
123 123
134 134
142 142
147 147
144 144
135 136
124 124
114 114
108 108
106 106
112 112
122 122
133 133
142 142
146 146
144 144
136 136
125 125
115 115
108 108
107 107
112 112
122 122
133 133
141 141
146 146
144 144
136 136
125 125
115 115
108 108
107 107
113 113
122 123
133 133
141 141
146 146
143 143
135 135
124 124
115 115
108 108
107 107
114 114
123 123
134 134
142 142
146 146
143 143
134 134
123 123
114 114
108 108
108 108
115 115
125 125
135 135
142 142
145 145
141 141
132 132
121 122
113 113
108 108
109 109
116 116
127 127
136 136
143 143
145 145
140 140
130 130
120 120
112 112
108 108
111 111
119 119
129 129
138 138
144 144
144 144
137 138
127 127
117 118
111 111
108 108
113 113
121 121
132 132
140 140
144 144
142 143
135 135
124 124
115 115
109 109
109 109
115 115
125 125
134 134
141 141
144 144
140 140
131 131
121 121
113 113
109 109
111 111
118 118
128 128
137 137
143 143
143 143
137 137
127 127
118 118
111 111
109 109
114 114
122 122
132 132
140 140
144 144
141 141
133 133
123 123
115 115
110 110
111 111
117 117
127 127
136 136
142 142
143 143
138 138
128 128
119 119
112 112
109 109
114 114
122 122
131 132
139 139
143 143
141 141
133 133
123 123
115 115
110 110
111 111
118 118
127 127
136 136
142 142
142 142
137 137
127 127
118 118
112 112
110 110
115 115
123 123
132 132
139 139
143 143
139 139
131 131
122 122
114 114
110 110
112 112
120 120
129 129
137 137
142 142
141 141
134 134
125 125
117 117
111 111
111 111
117 117
126 126
135 135
141 141
142 142
137 137
128 128
119 119
113 113
111 111
115 115
123 124
132 132
139 139
142 142
138 138
130 130
121 121
114 114
111 111
114 114
121 121
130 130
138 138
141 141
140 140
132 132
123 123
116 116
111 111
113 113
120 120
128 129
136 136
141 141
140 140
134 134
125 125
117 117
112 112
113 113
119 119
127 127
135 135
140 140
140 140
135 135
126 126
118 118
113 113
112 112
118 118
126 126
134 134
140 140
140 140
135 135
127 127
119 119
113 113
112 112
117 117
125 125
134 133
139 139
140 140
136 136
127 127
119 119
114 114
112 113
117 117
125 125
133 133
139 139
140 140
136 136
127 127
119 119
114 114
113 113
117 117
125 125
133 133
139 139
140 140
135 135
127 127
119 119
114 114
113 113
118 118
126 126
133 133
139 139
140 140
135 135
126 127
119 119
114 114
113 113
118 118
126 126
134 134
139 139
139 139
134 134
126 126
118 118
114 114
114 114
119 120
127 127
134 134
139 139
138 139
133 133
124 125
118 118
114 114
115 115
121 121
129 129
135 135
139 139
138 138
131 131
123 123
117 117
114 114
116 116
122 122
130 130
136 136
139 139
136 136
129 129
122 122
116 116
114 114
117 117
124 124
132 132
137 137
139 139
135 135
127 127
120 120
115 115
114 114
119 119
126 126
133 133
138 138
138 138
132 132
125 125
118 118
114 115
116 116
121 121
129 129
135 135
138 138
136 136
130 130
122 123
117 117
114 114
117 117
124 124
131 131
136 136
138 138
134 134
127 127
120 120
116 116
115 115
120 120
127 127
133 133
137 137
137 137
131 131
124 124
118 118
115 115
117 117
123 123
130 130
135 135
138 138
135 135
128 128
121 121
116 116
115 115
119 119
126 126
133 133
137 137
137 137
132 132
125 125
119 119
115 115
117 117
123 123
130 130
135 135
137 137
134 134
128 128
121 121
117 117
116 116
120 120
127 127
133 133
136 137
136 136
131 131
124 124
118 118
116 116
118 118
124 124
130 130
135 135
137 137
133 133
127 127
121 121
117 117
117 117
121 121
128 128
133 133
136 136
135 135
129 129
123 123
118 118
116 116
119 119
125 125
132 132
136 136
136 136
131 131
125 125
119 119
116 116
118 118
123 123
130 130
134 135
136 136
133 133
127 127
121 121
117 117
117 117
122 122
128 128
133 133
136 136
134 134
128 128
122 122
118 118
117 117
121 121
126 126
132 132
135 135
135 135
130 130
124 124
119 119
117 117
120 120
125 125
131 131
135 135
135 135
131 131
125 125
120 120
117 117
119 119
124 124
130 130
134 134
135 135
132 132
126 126
121 121
118 118
119 119
123 123
129 129
134 134
135 135
132 132
127 127
121 121
118 118
118 118
123 123
128 128
133 133
135 135
133 133
127 127
122 122
118 118
118 118
122 122
128 128
133 133
135 135
133 133
127 127
122 122
119 119
118 118
122 122
128 128
132 132
134 135
133 133
128 128
122 122
119 119
119 119
122 122
128 128
132 132
134 134
133 133
128 128
122 122
119 119
119 119
122 123
128 128
132 132
134 134
132 132
127 127
122 122
119 119
119 119
123 123
128 128
132 132
134 134
132 132
127 127
122 122
119 119
119 119
123 123
128 128
132 132
134 134
131 131
126 126
122 122
119 119
120 120
124 124
129 129
132 133
133 133
131 131
126 126
121 121
119 119
121 121
125 125
129 129
133 133
133 133
130 130
125 125
121 121
119 119
121 121
126 126
130 130
133 133
133 133
129 129
124 124
121 121
120 120
122 122
127 127
131 131
133 133
132 132
128 128
123 123
120 120
120 120
123 123
128 128
131 131
133 133
131 131
126 126
122 122
120 120
121 121
125 125
129 129
132 132
132 132
130 130
125 125
122 122
120 120
122 122
126 126
130 130
132 132
132 132
128 128
124 124
121 121
120 120
123 123
127 127
131 131
132 132
131 131
127 127
123 123
121 121
121 121
125 125
129 129
131 132
132 132
129 129
125 125
122 122
121 121
123 123
126 126
130 130
132 132
131 131
127 127
124 124
121 121
121 121
124 124
128 128
131 131
132 132
129 130
126 126
122 122
121 121
122 122
126 126
129 129
131 131
131 131
128 128
124 124
122 122
121 121
124 124
128 128
130 130
131 131
129 129
126 126
123 123
121 121
123 123
126 126
129 129
131 131
131 131
127 128
124 124
122 122
122 122
124 124
128 128
130 130
131 131
129 129
126 126
123 123
122 122
123 123
126 126
129 129
131 131
130 130
127 127
124 124
122 122
122 122
125 125
128 128
130 130
131 131
128 128
125 125
123 123
122 122
124 124
127 127
130 130
131 131
129 129
126 126
123 123
122 122
123 123
126 126
129 129
130 130
130 130
127 127
124 124
122 122
123 123
125 125
128 128
130 130
130 130
128 128
125 125
123 123
123 123
124 124
127 127
129 129
130 130
129 129
126 126
124 124
123 123
124 124
126 126
129 129
130 130
129 129
126 127
124 124
123 123
123 124
126 126
128 128
130 130
129 129
127 127
125 125
123 123
123 123
125 125
128 128
129 129
129 129
127 127
125 125
123 123
123 123
125 125
127 127
129 129
129 129
128 128
125 126
124 124
123 123
125 125
127 127
129 129
129 129
128 128
126 126
124 124
123 123
125 125
127 127
128 128
129 129
128 128
126 126
124 124
124 124
124 124
126 126
128 128
129 129
128 128
126 126
125 125
124 124
124 124
126 126
128 128
129 129
128 128
126 126
125 125
124 124
124 124
126 126
128 128
129 129
128 128
126 126
125 125
124 124
125 125
126 126
128 128
128 129
128 128
126 126
125 125
124 124
125 125
126 126
128 128
128 128
128 128
126 126
125 125
124 124
125 125
126 126
128 128
128 128
128 128
126 126
125 125
124 124
125 125
126 126
128 128
128 128
127 128
126 126
125 125
125 125
125 125
126 126
127 127
128 128
127 127
126 126
125 125
125 125
125 125
127 127
127 127
128 128
127 127
126 126
125 125
125 125
126 126
127 127
127 127
128 128
127 127
126 126
125 125
125 125
126 126
127 127
127 127
127 127
127 127
126 126
125 125
125 125
126 126
127 127
127 127
127 127
126 126
126 126
125 125
126 126
126 126
127 127
127 127
127 127
126 126
126 126
125 126
126 126
126 126
127 127
127 127
127 127
126 126
126 126
126 126
126 126
126 127
127 127
127 127
126 127
126 126
126 126
126 126
126 126
127 127
127 127
127 127
126 126
126 126
126 126
126 126
126 126
126 127
127 127
126 127
126 126
126 126
126 126
126 126
126 126
126 126
126 126
126 126
126 126
126 126
126 126
126 126
126 126
126 126
126 126
126 126
126 126
126 126
126 126
126 126
126 126
126 126
126 126
126 126
126 126
126 126
126 126
126 126
126 126
126 126
126 126
126 126
126 126
126 126
126 126
126 126
126 126
126 126
126 126
126 126
126 126
126 126
126 126
126 126
126 126
126 126
126 126
126 126
126 126
126 126
126 126
126 126
126 126
126 126
126 126
126 126
126 126
126 126
126 126
126 126
126 126
126 126
126 126
126 126
126 126
126 126
126 126
126 126
126 126
126 126
126 126
126 126
126 126
126 126
126 126
126 126
126 126
126 126
126 126
126 126
126 126
126 126
126 126
126 126
126 126
126 126
126 126
126 126
126 126
126 126
126 126
126 126
126 126
126 126
126 126
126 126
126 126
126 126
126 126
126 126
126 126
126 126
126 126
126 126
126 126
126 126
126 126
126 126
126 126
126 126
126 126
126 126
126 126
126 126
126 126
126 126
126 126
126 126
126 126
126 126
126 126
126 126
126 126
126 126
126 126
126 126
126 126
126 126
126 126
126 126
126 126
126 126
126 126
126 126
126 126
126 126
126 126
126 126
126 126
126 126
126 126
126 126
126 126
126 126
126 126
126 126
126 126
126 126
126 126
126 126
126 126
126 126
126 126
126 126
126 126
126 126
126 126
126 126
126 126
126 126
126 126
126 126
126 126
126 126
126 126
126 126
126 126
126 126
126 126
126 126
126 126
126 126
126 126
126 126
126 126
126 126
126 126
126 126
126 126
126 126
126 126
126 126
126 126
126 126
126 126
126 126
126 126
126 126
126 126
126 126
126 126
126 126
126 126
126 126
126 126
126 126
126 126
126 126
126 126
126 126
126 126
126 126
126 126
126 126
126 126
126 126
126 126
126 126
126 126
126 126
126 126
126 126
126 126
126 126
126 126
126 126
126 126
126 126
126 126
126 126
126 126
126 126
126 126
126 126
126 126
126 126
126 126
126 126
126 126
126 126
126 126
126 126
126 126
126 126
126 126
126 126
126 126
126 126
126 126
126 126
126 126
126 126
126 126
126 126
126 126
126 126
126 126
126 126
126 126
126 126
126 126
126 126
126 126
126 126
126 126
126 126
126 126
126 126
126 126
126 126
126 126
126 126
126 126
126 126
126 126
126 126
126 126
126 126
126 126
126 126
126 126
126 126
126 126
126 126
126 126
126 126
126 126
126 126
126 126
126 126
126 126
126 126
126 126
126 126
126 126
126 126
126 126
126 126
126 126
126 126
126 126
126 126
126 126
126 126
126 126
126 126
126 126
126 126
126 126
126 126
126 126
126 126
126 126
126 126
126 126
126 126
126 126
126 126
126 126
126 126
126 126
126 126
126 126
126 126
126 126
126 126
126 126
126 126
126 126
126 126
126 126
126 126
126 126
126 126
126 126
126 126
126 126
126 126
126 126
126 126
126 126
126 126
126 126
126 126
126 126
126 126
126 126
126 126
126 126
126 126
126 126
126 126
126 126
126 126
126 126
126 126
126 126
126 126
126 126
126 126
126 126
126 126
126 126
126 126
126 126
126 126
126 126
126 126
126 126
126 126
126 126
126 126
126 126
126 126
126 126
126 126
126 126
126 126
126 126
126 126
126 126
126 126
126 126
126 126
126 126
126 126
126 126
126 126
126 126
126 126
126 126
126 126
126 126
126 126
126 126
126 126
126 126
126 126
126 126
126 126
126 126
126 126
126 126
126 126
126 126
126 126
126 126
126 126
126 126
126 126
126 126
126 126
126 126
126 126
126 126
126 126
126 126
126 126
126 126
126 126
126 126
126 126
126 126
126 126
126 126
126 126
126 126
126 126
126 126
126 126
126 126
126 126
126 126
126 126
126 126
126 126
126 126
126 126
126 126
126 126
126 126
126 126
126 126
126 126
126 126
126 126
126 126
126 126
126 126
126 126
126 126
126 126
126 126
126 126
126 126
126 126
126 126
126 126
126 126
126 126
126 126
126 126
126 126
126 126
126 126
126 126
126 126
126 126
126 126
126 126
126 126
126 126
126 126
126 126
126 126
126 126
126 126
126 126
126 126
126 126
126 126
126 126
126 126
126 126
126 126
126 126
126 126
126 126
126 126
126 126
126 126
126 126
126 126
126 126
126 126
126 126
126 126
126 126
126 126
126 126
126 126
126 126
126 126
126 126
126 126
126 126
126 126
126 126
126 126
126 126
126 126
126 126
126 126
126 126
126 126
126 126
126 126
126 126
126 126
126 126
126 126
126 126
126 126
126 126
126 126
126 126
126 126
126 126
126 126
126 126
126 126
126 126
126 126
126 126
126 126
126 126
126 126
126 126
126 126
126 126
126 126
126 126
126 126
126 126
126 126
126 126
126 126
126 126
126 126
126 126
126 126
126 126
126 126
126 126
126 126
126 126
126 126
126 126
126 126
126 126
126 126
126 126
126 126
126 126
126 126
126 126
126 126
126 126
126 126
126 126
126 126
126 126
126 126
126 126
126 126
126 126
126 126
126 126
126 126
126 126
126 126
126 126
126 126
126 126
126 126
126 126
126 126
126 126
126 126
126 126
126 126
126 126
126 126
126 126
126 126
126 126
126 126
126 126
126 126
126 126
126 126
126 126
126 126
126 126
126 126
126 126
126 126
126 126
126 126
126 126
126 126
